% -------------------------------------------------------------------
%  Generated by MATLAB on 17-May-2022 15:16:43
%  MATLAB version: 9.12.0.1927505 (R2022a) Update 1
% -------------------------------------------------------------------

drivetype = 1;
proplutiontype =1;
