% -------------------------------------------------------------------
%  Generated by MATLAB on 17-May-2022 15:17:58
%  MATLAB version: 9.12.0.1927505 (R2022a) Update 1
% -------------------------------------------------------------------
                                 

Downshift_Speeds = ...
  [9.5625 23.0625 36.5625 47.8125 59.0625 68.90625 78.75;
   12.9375 26.4375 39.9375 51.187499999999986 62.4375 72.84375 83.25;
   16.3125 29.8125 43.3125 54.562499999999986 65.8125 76.78125 87.75;
   19.6875 33.1875 46.687499999999986 57.9375 69.1875 80.71875 92.25]*1.3;

EngRevLim = 7000;

Pedal_Positions_UpShift = [0.1 0.4 0.5 0.9];
Pedal_Positions_DnShift = [0.1 0.4 0.5 0.9];
Up_Gears=[1:7];
Dn_Gears=[2:8];

pre_shift_wait_time=0.5; % time before shift or not

Upshift_Speeds = ...
  [12.9375 26.4375 39.9375 51.187499999999986 62.4375 72.84375 83.25;
   16.3125 29.8125 43.3125 54.562499999999986 65.8125 76.78125 87.75;
   19.6875 33.1875 46.687499999999986 57.9375 69.1875 80.71875 92.25;
   33 52.5 77.25 100.5 138.75 161.875 185]*2.0;

VEH = struct;
VEH.Mass = 1181;
VEH.StaticNormalFrontLoad = struct;
VEH.StaticNormalFrontLoad.FR = 264.66666666666669;
VEH.StaticNormalFrontLoad.FL = 264.66666666666669;
VEH.StaticNormalRearLoad = struct;
VEH.StaticNormalRearLoad.RR = 322;
VEH.StaticNormalRearLoad.RL = 322;
VEH.WheelBase = 3.075;
VEH.FrontAxlePositionfromCG = 1.515;
VEH.RearAxlePositionfromCG = 1.504;
VEH.HeightCG = 0.134;
VEH.FrontalArea = 2.11;
VEH.DragCoefficient = 0.33;
VEH.NumberOfWheelsPerAxle = 2;
VEH.PitchMomentInertia = 1922.6666666666667;
VEH.RollMomentInertia = 432.33333333333331;
VEH.YawMomentInertia = 2066;
VEH.SteeringRatio = 18;
VEH.TrackWidth = 1.922;
VEH.SprungMass = 1096.7226666666666;
VEH.InitialLongPosition = 0;
VEH.InitialLatPosition = 3.125;
VEH.InitialVertPosition = 0;
VEH.InitialRollAngle = 0;
VEH.InitialPitchAngle = 0;
VEH.InitialYawAngle = 0;
VEH.InitialLongVel = 0;
VEH.InitialLatVel = 0;
VEH.InitialVertVel = 0;
VEH.InitialRollRate = 0;
VEH.InitialPitchRate = 0;
VEH.InitialYawRate = 0;
VEH.UnsprungMassRearAxle = 160;
VEH.UnsprungMassFrontAxle = 100;
