% -------------------------------------------------------------------
%  Generated by MATLAB on 17-May-2022 16:07:21
%  MATLAB version: 9.12.0.1927505 (R2022a) Update 1
% -------------------------------------------------------------------
                                 

AccPwrbp = [0 3.0779560993538198];

AccSpdbp = [256.49641719585139 641.24104298962845];

EngMaxTrq = 514.89; %Engine maximum trq
EngMinTrq = -134.0; %Engine minimun trq

EngMaxSpd = 6500.0; %engine maximum spd
EngIdleSpd = 750.0; %engine idle spd

MotorMaxTrq = 380*2; %motor maximum trq

DriveLinePowType = 2; % 1-ICE 2-Motor

AfrStoich = 14.6;

ConstTimeEng = 0.05;

Cps = 2;

NCyl = 6;

Pstd = 101325;

Rair = 287;

Tstd = 293.15;

Vd = 0.0035999989391706836;

fuelDensity = 0.725; %  fuel density kg/L

f_fuel = ...
  [0    0    0    0    0    0    0    0    0    0    0    0    0    0    0    0    0
0.000263472    0.000263472    0.000263472    0.000309147    0.000351636    0.000499053    0.000635116    0.000761879    0.000879899    0.000989661    0.001168079    0.001359242    0.00156413    0.00178523    0.002024018    0.002190929    0.00245657
0.000395209    0.000395209    0.000395209    0.00046372    0.000527454    0.00074858    0.000952674    0.001142818    0.001319849    0.001484491    0.001752119    0.002038863    0.002346195    0.002677846    0.003036028    0.003286393    0.003684855
0.000432848    0.000432848    0.000432848    0.000511691    0.00058606    0.000837121    0.001071758    0.001292885    0.001501004    0.001696561    0.001992606    0.002306592    0.00263947    0.00299458    0.003373364    0.003777463    0.004211263
0.000619882    0.000619882    0.000619882    0.000763775    0.000879091    0.001261495    0.00162212    0.001964845    0.002289994    0.00259786    0.003040001    0.003505413    0.003994873    0.004512666    0.005060046    0.005638419    0.006253088
0.00070928    0.00070928    0.00070928    0.001207456    0.001417888    0.002027403    0.002598201    0.003137147    0.003645296    0.004123587    0.004839185    0.005596878    0.006398715    0.007252498    0.008161365    0.009128869    0.010165118
0.000792613    0.000792613    0.000792613    0.001343539    0.001689349    0.00307965    0.00400123    0.004817039    0.00558186    0.006297841    0.007410002    0.008593915    0.009854021    0.01120386    0.012650116    0.014200463    0.015873223
0.000896407    0.000896407    0.000896407    0.001511661    0.001892549    0.003436835    0.004729849    0.006100918    0.007477664    0.008412117    0.009928673    0.011553555    0.013295108    0.015174458    0.017204157    0.019398846    0.02178871
0.001031162    0.001031162    0.001031162    0.001813993    0.002365515    0.00425465    0.005816169    0.007454946    0.009137518    0.010813556    0.013408575    0.015719926    0.018236338    0.02099771    0.02403522    0.025811673    0.026841783
0.001085124    0.001085124    0.001085124    0.001909467    0.002489747    0.004700518    0.006862645    0.009254679    0.011826697    0.013753938    0.017258979    0.019838748    0.022227115    0.024195085    0.026030797    0.027630409    0.028749895
0.001085124    0.001085124    0.001085124    0.001909467    0.002489747    0.004700518    0.006862645    0.009254679    0.011826697    0.013753938    0.017258979    0.019838748    0.022227115    0.024195085    0.026030797    0.027630409    0.028749895
0.001085124    0.001085124    0.001085124    0.001909467    0.002489747    0.004700518    0.006862645    0.009254679    0.011826697    0.013753938    0.017258979    0.019838748    0.022227115    0.024195085    0.026030797    0.027630409    0.028749895
0.001085124    0.001085124    0.001085124    0.001909467    0.002489747    0.004700518    0.006862645    0.009254679    0.011826697    0.013753938    0.017258979    0.019838748    0.022227115    0.024195085    0.026030797    0.027630409    0.028749895
0.001085124    0.001085124    0.001085124    0.001909467    0.002489747    0.004700518    0.006862645    0.009254679    0.011826697    0.013753938    0.017258979    0.019838748    0.022227115    0.024195085    0.026030797    0.027630409    0.028749895
0.001085124    0.001085124    0.001085124    0.001909467    0.002489747    0.004700518    0.006862645    0.009254679    0.011826697    0.013753938    0.017258979    0.019838748    0.022227115    0.024195085    0.026030797    0.027630409    0.028749895
0.001085124    0.001085124    0.001085124    0.001909467    0.002489747    0.004700518    0.006862645    0.009254679    0.011826697    0.013753938    0.017258979    0.019838748    0.022227115    0.024195085    0.026030797    0.027630409    0.028749895
0.001085124    0.001085124    0.001085124    0.001909467    0.002489747    0.004700518    0.006862645    0.009254679    0.011826697    0.013753938    0.017258979    0.019838748    0.022227115    0.024195085    0.026030797    0.027630409    0.028749895
0.001085124    0.001085124    0.001085124    0.001909467    0.002489747    0.004700518    0.006862645    0.009254679    0.011826697    0.013753938    0.017258979    0.019838748    0.022227115    0.024195085    0.026030797    0.027630409    0.028749895
0.001085124    0.001085124    0.001085124    0.001909467    0.002489747    0.004700518    0.006862645    0.009254679    0.011826697    0.013753938    0.017258979    0.019838748    0.022227115    0.024195085    0.026030797    0.027630409    0.028749895
0.001085124    0.001085124    0.001085124    0.001909467    0.002489747    0.004700518    0.006862645    0.009254679    0.011826697    0.013753938    0.017258979    0.019838748    0.022227115    0.024195085    0.026030797    0.027630409    0.028749895
0.001085124    0.001085124    0.001085124    0.001909467    0.002489747    0.004700518    0.006862645    0.009254679    0.011826697    0.013753938    0.017258979    0.019838748    0.022227115    0.024195085    0.026030797    0.027630409    0.028749895
];

