mot_table_spd_rad_s = [ 0 174.5678288 349.0309379 523.5987667 698.1665955 819.6415093 872.6297045 1047.197533 1221.765362 1396.228471 1570.7963 1649.336115 2356.19445 ];

mot_table_trq_Nm = [380.64 380.64 380.64 354.6446 290.18 253.8265 240.3134 203.8175 176.5011 155.4483 138.7867 0 0];

mot_tc_s = 0.01;

mot_eff_table_spd_rad_s = [-8000 -4000 0 4000 8000];

mot_eff_table_trq_Nm = [0 0.03 0.06 0.09];

mot_eff_table_pencent = [95 95 95 95; 95 95 95 95; 95 95 95 95; 95 95 95 95; 95 95 95 95];
